#RoadsPlacement
1 (297.88,500.21,101.13,303.46) 
2 (798.65,501.65,301.35,501.65) 
3 (998.87,303.46,802.12,500.21) 
4 (802.12,99.79,998.87,296.54) 
5 (301.35,98.35,798.65,98.35) 
6 (101.13,296.54,297.88,99.79) 
7 (103.46,301.13,300.21,497.88) 
8 (301.35,498.35,798.65,498.35) 
9 (799.79,497.88,996.54,301.13) 
10 (996.54,298.87,799.79,102.12) 
11 (798.65,101.65,301.35,101.65) 
12 (300.21,102.12,103.46,298.87) 
#Vertices
1 [(100.0, 304.6), (104.60000000000001, 300.0), (100.0, 295.40000000000003), (100.0, 304.6)] 
2 [(301.35, 503.25), (301.35, 496.75), (296.75, 501.35), (301.35, 503.25)] 
3 [(803.25, 501.35), (798.65, 496.75), (798.65, 503.25), (803.25, 501.35)] 
4 [(1000.0, 295.40000000000003), (995.4, 300.0), (1000.0, 304.6), (1000.0, 295.40000000000003)] 
5 [(798.65, 103.25), (803.25, 98.65), (798.65, 96.75), (798.65, 103.25)] 
6 [(301.35, 103.25), (301.35, 96.75), (296.75, 98.65), (301.35, 103.25)] 
